1.696391658969957561e+01 5.473445575865848411e+01 2.593677215051093654e+01
4.997822911441549110e+01 7.327177350359215247e+00 3.776261978116430384e+01
2.242625198469197301e+01 2.113103216310291188e+01 2.303730639864691554e+01
4.634413494024540370e+01 3.441208844432353686e+01 3.030885662067801434e+01
8.473124849114558543e+00 3.484303132780075174e+01 3.973683628443602345e+01
2.727090144679980099e+01 9.328633789680226940e+00 4.165349800421300586e+01
2.899820592023935006e+01 2.932490913448769376e+01 4.132115358074087652e+01
4.890737806365130780e+01 1.762801281070760950e+01 2.156887679161818028e+01
1.978897919768401792e+01 4.862121735952861457e+01 4.438247027317142113e+01
1.218523499733793614e+01 3.658154452203232410e+01 2.182158462486751915e+01
2.724047747047047707e+01 4.151327162912279078e+01 2.915576378952449588e+01
4.609146516630461576e+01 2.281729921827537666e+01 4.160717200860544551e+01
3.583945078249666949e+01 1.314398508159418455e+01 2.925339361260995119e+01
3.448732796018970959e+01 2.942953163291954155e+01 2.178044290501608060e+01
2.406934261041690704e+01 8.257795420789761920e+00 2.593516808727389389e+01
1.860162247867331331e+01 2.969949760350690227e+01 3.316091293972434073e+01
1.122413671872209129e+01 4.691108181858379567e+01 3.472090558115549896e+01
5.381425333309420012e+01 2.312866195761991506e+01 3.226395647670656786e+01
2.081443735200681999e+01 4.539514428070123131e+01 1.983942156453338512e+01
2.216201261465671379e+01 1.859664503487490350e+01 3.685927493513877096e+01
4.668255238037482968e+01 7.348826491011646311e+00 2.628794548237345197e+01
3.434226726971182586e+01 1.941817973094970284e+01 4.244624286835653493e+01
1.994962737116624041e+01 3.845556987009961603e+01 4.003627834030423571e+01
3.612405088686045218e+01 3.555146711765630130e+01 3.586478844697333557e+01
3.853450659224874641e+01 1.941795030358479934e+01 2.091086639409191505e+01
4.483105081164733008e+01 2.819452720188049710e+01 2.210163267745306825e+01
1.771121397594903613e+01 5.490811810118623271e+01 3.659291191211886485e+01
8.980995729256056492e+00 3.192480537777897709e+01 3.005913117764053410e+01
2.417211130449611289e+01 3.172819000674866174e+01 2.514499831443085043e+01
1.171993523101893686e+01 4.619754411456241172e+01 2.500564033665311925e+01
4.202334369582916196e+01 1.491317118490781013e+01 3.772489209548576383e+01
3.823058794405312710e+01 2.796768217319772631e+01 4.135558488305542824e+01
2.307599787367345456e+01 4.608189762202047035e+01 3.602354778492897935e+01
2.859063172343470427e+01 1.413458215846183919e+01 2.055142585021398105e+01
4.860142769282421682e+01 1.598556051317253690e+01 3.099060798653648874e+01
3.544336236217733926e+01 3.607098936362204000e+01 2.719069347573846684e+01
5.204802091602505953e+01 1.707514693867445388e+01 3.874325323195326121e+01
2.784770679209353972e+01 1.296022699744692730e+01 3.414879995321142303e+01
2.712610775127183160e+01 3.662167381533500077e+01 3.593022035137373393e+01
7.588744797174499901e+00 3.979334654612030420e+01 3.230278280713345396e+01
4.557573559923696394e+01 3.182350689503878627e+01 3.795831353019339360e+01
2.991537272900816902e+01 2.299995997086643484e+01 2.025490002789434030e+01
5.217772469131555368e+01 2.722554204055403559e+01 2.584125123815182334e+01
1.276322451965246074e+01 4.148357362208622590e+01 3.995204986556116467e+01
2.599643679613672020e+01 2.228829591231563967e+01 4.231116126144223699e+01
4.317824658432289908e+01 1.407695649297923879e+01 2.605633001170921403e+01
2.285581296142633789e+01 4.752948036672529497e+01 2.824108386949566807e+01
2.359868145906051140e+01 1.612247684706680317e+01 2.829073242886469330e+01
5.227805899268494727e+01 1.169132125468659922e+01 2.492861897557133588e+01
1.975514191216169735e+01 2.305198311566727654e+01 2.937606052450825089e+01
5.176438093541540297e+01 2.746427023031894876e+01 3.746853988083807963e+01
1.640204789662062268e+01 3.231545307759571983e+01 2.534300417828730190e+01
2.297362827932012408e+01 3.975324846311340110e+01 2.398907671170126221e+01
2.292312451234188586e+01 2.906845136078455027e+01 3.833255207891050986e+01
6.828910929143404474e+00 3.753516205285991703e+01 2.599040871773680550e+01
3.095806406965237656e+01 9.772642189242169763e+00 2.606578075284719986e+01
5.187502038168125296e+01 3.087833182081808303e+01 3.166204234424552055e+01
1.322903981806689089e+01 3.095281753192441698e+01 3.707074488170292170e+01
4.732387987074808677e+01 1.232464698818969495e+01 4.132238156179325728e+01
2.224229825497902269e+01 1.183467205454105731e+01 3.816199804622301173e+01
3.388405738265074518e+01 1.458690053916020979e+01 3.622984610174021469e+01
3.020492467507710899e+01 3.403406255777367306e+01 2.387811353180004303e+01
1.431340602896336556e+01 5.125172729084023615e+01 3.072552697814009548e+01
4.583398352476038440e+01 1.059253237614017529e+01 3.405574126813043989e+01
5.245061770783196664e+01 2.084219822868283245e+01 2.632447069416534902e+01
3.973467682934970213e+01 3.186811879413358639e+01 2.431835231020286159e+01
2.925444428741763758e+01 1.573640491101736316e+01 4.229991411068323259e+01
1.666028211033776074e+01 4.918484861473719150e+01 3.877220461527917905e+01
2.238257607043740904e+01 1.403185438397850859e+01 2.263158357127141684e+01
3.386846891382025859e+01 1.618265136411234195e+01 2.325955104641085924e+01
4.046955913163096596e+01 1.908645403862210799e+01 4.187832572343120319e+01
3.135533632225635614e+01 3.750350250833400878e+01 3.167311371405018861e+01
1.645857058292446595e+01 4.077111607808848248e+01 2.256386290673634676e+01
1.730358108214264590e+01 4.965628274958309873e+01 2.209317953838115045e+01
2.006555661425658244e+01 2.441314339546664058e+01 3.547943888898236509e+01
1.437252457916690318e+01 3.586870801396239727e+01 4.106366784429496875e+01
4.049214239912346613e+01 3.486729006855964741e+01 3.058175336250796761e+01
2.749228649816377512e+01 2.853041803190466297e+01 2.150748916831151902e+01
4.076551900570998299e+01 1.290932688121826288e+01 3.223438948046018737e+01
4.321600680746212220e+01 2.272004924294266459e+01 2.111710806371488758e+01
2.754424850435627903e+01 7.316813756310195593e+00 3.631712874639745792e+01
2.333640853481859523e+01 1.602665180382381749e+01 4.179716066441986300e+01
1.971597164703674565e+01 5.122290190641315633e+01 3.235003117745095835e+01
3.404410126038030171e+01 3.197417490676007290e+01 3.968870482527000831e+01
5.150994855106937109e+01 1.153995125636421903e+01 3.444945685696871607e+01
4.862342028841071340e+01 2.328637637877010036e+01 2.211076901854178445e+01
4.617814682977737561e+01 1.129186188415954284e+01 2.236932781335870857e+01
4.824262857888152212e+01 3.181929416555518486e+01 2.589952363588054851e+01
3.617392889249845922e+01 2.430337752895152903e+01 2.050037948676200017e+01
3.286582939548882365e+01 2.580647753226642038e+01 4.252887998980001782e+01
1.919740800309975270e+01 4.372650145976436420e+01 4.063083592818993850e+01
4.922596723125702312e+01 1.080512883676613534e+01 2.966729993170386948e+01
3.089515399148898211e+01 1.484648836956657547e+01 2.981488629436515936e+01
1.984974669821312077e+01 3.311842659356190666e+01 3.707852039864751958e+01
2.702835342143903219e+01 8.955369409260912406e+00 2.176081651456325616e+01
2.528414726764344422e+01 4.119976317024172374e+01 3.744473411347310332e+01
1.093340965819522914e+01 4.125612201820379710e+01 2.352240056428736636e+01
2.663651648732085420e+01 1.146519680084072945e+01 2.900641729785330725e+01
2.722132499804073547e+01 3.681413758900104227e+01 2.719698343908689608e+01
9.490400731850245464e+00 4.271835072176956771e+01 2.861711016471183200e+01
2.096701438471615830e+01 2.655699328661799541e+01 2.593197621450759982e+01
2.603645277289368920e+01 1.890863518680353295e+01 2.028158044053564524e+01
1.373413929353980301e+01 3.031609041716443187e+01 3.195867175097955126e+01
4.417828866943330013e+01 2.804250455011354148e+01 4.093022290848885802e+01
1.901184195482796468e+01 3.650445742832010154e+01 2.310015314780040541e+01
8.093069319312737875e+00 3.934746080069280083e+01 3.760584040560924990e+01
5.248162209706285353e+01 2.253859674003950886e+01 3.711716206940113949e+01
4.678499358366563143e+01 1.725371205065473745e+01 4.158717888762631532e+01
8.665628693797311044e+00 3.235568733785718365e+01 3.549213087891211416e+01
3.844530663177120289e+01 1.492359768374133466e+01 2.513763151655295758e+01
2.653364857343079208e+01 4.374912733855110503e+01 3.344940730610291979e+01
3.762397322104656894e+01 1.567209897753303771e+01 3.971174341159355947e+01
8.688681782424136912e+00 3.327620879099588080e+01 2.470980804258995889e+01
2.471480082610369777e+01 1.686867187811593283e+01 3.317136638630933732e+01
5.231851722006312144e+01 1.608674409615895229e+01 2.674000071481644270e+01
4.396006200849777201e+01 1.643420009743434917e+01 2.211972467760952199e+01
3.105376272352346945e+01 1.158517088865770894e+01 4.038218234800525863e+01
5.195585846860903700e+01 1.139279367652614283e+01 3.899809538742346859e+01
4.355307057526763970e+01 3.362589620639903387e+01 2.677330347882940487e+01
1.500103252553725852e+01 5.004571357837444623e+01 2.601485960410250442e+01
2.296040574321740380e+01 4.418898197421874841e+01 2.489406130291470731e+01
3.361035905346194141e+01 2.039248217102254301e+01 2.044119242411953152e+01
4.581577843066347100e+01 8.399764790960913885e+00 3.910205717694663008e+01
3.911817531916577195e+01 2.365790231531027032e+01 4.229587741771667453e+01
3.042401313224421955e+01 2.166940982171794872e+01 4.275175262432325951e+01
1.147392506536501244e+01 4.790471228307302454e+01 2.984643822800705237e+01
4.805595293129665890e+01 3.327199053539671070e+01 3.453239427893636559e+01
5.427059256850885305e+01 2.730483853813887407e+01 2.978906660926876526e+01
2.518139461771006538e+01 2.475131323262458949e+01 2.136242237265092925e+01
1.299547510115471560e+01 4.577437600608784152e+01 3.896610134948004145e+01
3.056529033443603538e+01 3.509440180065242032e+01 3.820193591127876687e+01
1.932933403815892248e+01 5.051372565631289291e+01 2.586076284789871238e+01
9.657335496869235314e+00 4.286028772449078161e+01 3.491750161685769172e+01
1.536897796987467757e+01 5.114130957297403768e+01 3.511152459050560992e+01
1.684754348701639515e+01 4.509122246444305659e+01 2.284273618997535493e+01
6.366285931816955568e+00 3.617124264109130394e+01 3.025094629701520077e+01
4.438806396590050696e+01 1.437416844196183341e+01 3.017283118182294288e+01
4.236233502255798555e+01 3.432677535654720202e+01 3.441081836072284261e+01
3.520903193498874373e+01 3.296255899447498905e+01 2.405216467480844145e+01
5.020506022822226555e+01 2.056834363979142921e+01 4.032676605345245946e+01
2.410137957795463137e+01 3.379185057788536994e+01 3.688400997898185096e+01
5.233770156147090091e+01 1.926873232566203598e+01 3.134381070282456960e+01
1.296462533114830151e+01 3.069808833935895009e+01 2.782072807549194948e+01
1.912681139285584564e+01 3.101429131558279906e+01 2.829841785042647473e+01
2.151914534010033719e+01 1.983443286120353122e+01 3.141607313513929967e+01
2.297955487461579338e+01 3.568767819018665932e+01 2.566911293615778078e+01
4.845020706201944449e+01 2.853740570760691497e+01 3.974720124471541993e+01
3.329695301640261107e+01 1.609736622594494548e+01 4.023367781161074674e+01
3.563468729525296652e+01 3.651608116529303061e+01 3.188476717763068535e+01
3.142443587231153401e+01 1.277347169395682158e+01 2.321086753246557421e+01
2.523315765622972151e+01 2.708625732931124475e+01 4.110124102529212564e+01
1.622556027461501316e+01 4.721112002127773621e+01 4.234198572810170447e+01
3.128701096868513787e+01 3.717037414126708228e+01 2.730565609055107856e+01
3.839316140501397001e+01 3.285398147806625246e+01 3.789286704056977584e+01
2.136140858622344041e+01 4.767924860760162176e+01 4.075341657834134423e+01
5.106898729440074192e+01 8.025902192758522347e+00 2.614334159600772267e+01
2.066738275954934423e+01 4.937256728281030860e+01 3.580833900111874613e+01
2.733459454407766742e+01 3.847942936126940339e+01 3.236960842320925025e+01
4.900796080888679285e+01 2.721175657636328893e+01 2.277552784473652636e+01
1.256669566731497412e+01 3.204511496226732703e+01 2.407971399462366335e+01
2.147217357755003064e+01 4.771520053357940583e+01 2.301415752943537285e+01
2.524886858932561395e+01 9.990905591827852206e+00 3.449222610754423357e+01
5.011653764878650463e+01 1.299421040569157348e+01 2.189046138564084742e+01
4.029867359315266384e+01 2.873912649274772235e+01 2.206351007431461397e+01
2.218463036538015132e+01 2.531583033266926819e+01 3.907838397353214788e+01
2.371556713648507042e+01 8.274663100591476805e+00 3.766285579006944317e+01
2.311420236374877746e+01 1.178571773538378409e+01 2.719203331149284963e+01
1.894414439746740797e+01 2.668259391690808258e+01 3.030201266972068908e+01
2.234849218793886649e+01 2.102824809614128299e+01 3.980008400967796689e+01
6.636741999506919676e+00 3.559035593951651322e+01 3.541237493972128902e+01
2.768009261414184152e+01 7.549286517527659335e+00 2.690770130346944811e+01
1.765152830149090235e+01 4.750852127255407709e+01 1.897731779960140841e+01
2.542435772292206764e+01 4.639480961506076540e+01 3.078772701037011217e+01
2.285635007418221321e+01 4.914342597711335259e+01 3.258632076265207900e+01
2.349476856373761890e+01 1.046195003925375211e+01 2.214240673850139984e+01
5.064115973218243738e+01 3.070697016849821992e+01 3.592537090016312362e+01
2.585987763645308490e+01 1.342246057810132243e+01 4.274665868845465155e+01
4.432901319391844197e+01 1.016550428128288353e+01 2.689387262015155500e+01
2.758872899006317425e+01 3.222795794932549995e+01 3.948086806449627773e+01
1.964030926212441486e+01 4.267780878070492889e+01 2.326302910625992482e+01
4.893569350196926848e+01 8.418050186984384453e+00 2.319030649406973410e+01
3.914418578133511772e+01 3.430031038656512266e+01 2.698958296080381203e+01
1.015388323594747533e+01 4.474813947499904998e+01 3.158235550671466640e+01
4.899408128376894922e+01 8.148592621993703489e+00 3.434098891048366653e+01
4.406742926337567212e+01 1.159062886496182543e+01 3.880045272369542886e+01
2.220072190232281173e+01 1.884471611312786621e+01 2.631196613400891238e+01
4.322368720529524921e+01 1.679141776715416157e+01 4.103910185762967444e+01
8.934132412625114483e+00 3.781391502222432166e+01 2.282057360289628534e+01
5.239502313825823876e+01 1.849192296129933410e+01 3.487532387112901944e+01
2.693178586617023385e+01 1.883601730487746551e+01 4.280508665723912998e+01
4.301049651140342434e+01 2.467284375982418254e+01 4.190511068642848613e+01
1.112524206316302866e+01 3.837839004339662097e+01 4.076180415037381977e+01
1.555875527050810270e+01 3.546404635843383346e+01 2.239723519825222198e+01
1.633774678236648725e+01 4.144353216138738105e+01 4.022253313351098569e+01
5.030645046296441336e+01 1.424640603194468369e+01 4.097705557326711556e+01
3.288639849242984781e+01 1.405337637811016371e+01 3.286445351828793804e+01
1.714663421144599198e+01 5.251193373794958319e+01 2.867987069919725229e+01
1.661573602276444817e+01 3.126388917031198389e+01 3.562354031768510509e+01
4.315577823978466654e+01 3.118581573193483081e+01 2.383754067809324084e+01
1.229658313439405148e+01 3.315123700103441706e+01 4.022637229557062710e+01
3.730947079650466236e+01 1.259204379373534088e+01 3.282146477238489979e+01
3.937790593915545401e+01 1.322862637597227575e+01 2.807490044434218746e+01
3.119551501191543252e+01 3.711492121196734217e+01 3.539803520056995723e+01
3.433324266478032882e+01 2.892420450544781474e+01 4.140239874463132708e+01
3.333147408703841563e+01 1.475495021452062794e+01 2.729001544274984781e+01
2.220430812615956384e+01 4.361816139858500208e+01 3.882878700497229829e+01
3.068173356759275450e+01 2.733222408130728098e+01 2.067600216936166646e+01
2.975606710449140380e+01 1.738898912088525961e+01 2.064967773168783793e+01
2.722878468924151463e+01 3.230427235283946175e+01 2.357638315613426983e+01
3.885907839758111493e+01 1.390312920461822976e+01 3.678289335256840076e+01
1.766095634813155613e+01 3.548236999213413867e+01 4.010329272988671789e+01
2.355654344829963875e+01 1.293436118853217565e+01 3.508834308173099714e+01
3.133413155682761086e+01 1.176245921290011154e+01 3.698293262699924355e+01
2.106070549816348603e+01 2.214585044791389379e+01 2.636816816013797293e+01
5.135741561863062543e+01 1.912244002654963637e+01 2.337405887903562274e+01
1.878225143054485713e+01 5.186605885576785369e+01 3.756586833306828055e+01
1.333587334640984068e+01 4.367663192369087000e+01 2.348067143788950517e+01
3.537570648491465874e+01 2.358257280014488799e+01 4.261915980818368155e+01
4.818421720695047838e+01 1.332630199916091662e+01 3.298189168919061132e+01
2.977066552531301724e+01 1.222255503139147592e+01 2.801283909838731034e+01
2.344877681753738230e+01 1.090438675009550096e+01 4.113422311615607896e+01
2.110672772312140566e+01 4.568089380092906993e+01 4.352830486469938620e+01
2.079088112625739271e+01 5.027417492960431389e+01 2.884542086519821424e+01
2.233549382851258258e+01 2.441258783757253070e+01 2.351139802230201781e+01
4.069375924553739310e+01 1.700744202155242846e+01 2.212393027065172291e+01
2.779131360702676545e+01 1.526241501946022439e+01 3.176360432219154717e+01
4.845731031789619436e+01 2.501784678037396148e+01 4.088821401075328055e+01
2.030123926914772170e+01 3.375547558374692869e+01 2.566929513698303822e+01
5.111870690906731340e+01 3.111072476456121905e+01 2.845839962413709756e+01
3.164160410434868353e+01 3.096182806139760402e+01 2.232300080868980530e+01
3.736445491582066580e+01 1.805057487541539274e+01 4.193327416109700323e+01
4.580767711303484901e+01 7.846592004276292442e+00 3.578632663681347736e+01
2.450276498095559674e+01 2.806357731387063836e+01 2.259826725044896989e+01
2.536265725728505416e+01 4.248827363784398159e+01 2.618583522201695146e+01
2.216683181926279644e+01 1.717389893020944314e+01 2.324033899336248155e+01
2.298175104209992625e+01 3.969149451326435241e+01 3.903802226852333490e+01
8.394647391571318451e+00 4.049066909844087547e+01 2.663597672097414204e+01
3.318836782755497694e+01 2.537331901719696603e+01 2.035813428104651024e+01
3.908266038310807744e+01 3.503369430936740514e+01 3.339423762999361855e+01
2.015243025383909270e+01 2.200698814231133582e+01 3.345022130628018431e+01
1.577174892883671653e+01 3.076680056455372636e+01 2.922355952683853531e+01
1.598103104917844242e+01 4.450940078810475597e+01 3.980413534977648737e+01
2.836656946110701227e+01 7.431535017905684271e+00 3.931271071944133411e+01
5.287413447314191473e+01 2.388649357196349854e+01 2.676037115799191213e+01
4.373651485074474010e+01 2.080532236055024597e+01 4.178375472216652042e+01
3.365301123616239920e+01 3.500216867329877601e+01 3.792531498479641527e+01
4.627517479679507062e+01 3.045935200846469115e+01 2.364305536476704717e+01
2.551041128004947467e+01 1.391652331662486475e+01 2.032081290638240390e+01
5.193443563505746852e+01 1.337442950891579940e+01 2.817975656348304980e+01
3.921594448051003923e+01 2.479594608507536080e+01 2.077498811176688776e+01
4.933265469342902065e+01 3.305873640252016088e+01 3.005241523164218620e+01
2.249003946920339558e+01 3.617976319222326964e+01 3.797816269165947745e+01
1.473159160807695756e+01 4.769156372587043791e+01 2.404796569315122667e+01
5.094961689097064550e+01 2.445711661743692389e+01 2.374319215986797715e+01
4.531431093319247339e+01 3.437663332118162884e+01 3.357917836111469967e+01
2.245736726879729872e+01 2.908352688115354212e+01 2.507157394024533659e+01
7.298571748857510144e+00 3.362560295331486770e+01 3.192625222677046537e+01
1.080588636599858887e+01 4.490379492276125717e+01 3.695426831414759050e+01
2.971620490082396060e+01 1.063757275674278446e+01 2.193133015479294912e+01
1.791327993631173854e+01 5.269173765682827337e+01 3.427153369812771899e+01
5.400796238511706804e+01 2.794972915820030224e+01 3.271666965285365336e+01
1.341343824922224215e+01 4.935880286027570918e+01 3.652553724077067443e+01
2.597779846057508379e+01 3.426717485047221601e+01 2.546655740329832440e+01
1.427862683977482305e+01 3.871168668382156852e+01 2.208118569800537756e+01
5.233751052014140726e+01 1.550942771276596588e+01 3.620766972461364475e+01
4.650487302937361278e+01 1.495490324906138291e+01 2.167010848247140942e+01
3.057188512136444558e+01 1.871235605532218926e+01 4.254278221108985747e+01
2.100664324402276506e+01 2.745249740871707544e+01 3.677429628314058618e+01
5.168401705429234738e+01 1.505724698285564145e+01 2.330318551382082148e+01
3.641010929975186627e+01 1.687898994493875549e+01 2.194706744288350109e+01
4.966880813628683455e+01 1.764343120855308200e+01 4.117320248600792354e+01
4.649503793867772572e+01 2.583350551503228232e+01 2.158244610417326470e+01
3.729183284201486970e+01 3.083018732262869932e+01 2.307833089447893471e+01
1.939352358656802622e+01 5.323421100559455965e+01 2.693235782678845425e+01
2.717552823560329855e+01 4.102130811665517029e+01 3.428337774296338125e+01
5.207364847040182809e+01 9.161757583118202319e+00 3.689702085994186831e+01
2.481664768773549667e+01 3.817927866176231078e+01 3.735386041004213098e+01
1.712658889242792526e+01 3.840908512189973578e+01 4.069694132118976881e+01
4.271284808789535248e+01 3.183634177409521726e+01 3.840005656183879523e+01
1.915503639083612342e+01 2.509664219543853747e+01 3.270957220140538624e+01
4.847312273366041779e+01 8.623279868671472670e+00 4.020991318199020270e+01
2.191789723208395202e+01 3.121159190817211737e+01 3.647687451509682433e+01
2.554244865712988855e+01 3.963732204188512043e+01 2.586426166329254528e+01
4.453951144370191884e+01 1.432179668055428579e+01 4.039382780421446029e+01
4.630219561995671285e+01 9.666946490639306333e+00 2.891325557728841034e+01
2.214303201362953644e+01 1.577074006900438086e+01 3.732296277946335294e+01
5.342627482184664700e+01 2.416646321339807102e+01 3.489774583006657593e+01
4.965787512722990726e+01 2.941611515682387790e+01 2.446807450948421447e+01
2.955124680053019404e+01 9.129966104383493430e+00 3.541141874000967249e+01
9.888916804847752928e+00 3.177033014124541666e+01 2.680882656133426423e+01
2.135086289894667289e+01 4.816515308346838964e+01 2.018484142938284265e+01
1.054301873812130452e+01 4.242414418519543773e+01 3.826672311304927376e+01
1.606760201020200896e+01 5.278470993286287438e+01 3.744528584352918443e+01
3.057529575868561977e+01 1.403866785606730261e+01 3.550725613261046476e+01
2.412939371721591542e+01 2.404752785772650725e+01 4.115798461221966420e+01
2.826467234493358305e+01 2.393348727179263236e+01 4.254851963717050012e+01
4.925966812458886324e+01 2.054929991258041611e+01 2.210420962517544652e+01
1.274016650542161955e+01 4.974224126518893740e+01 2.814666255596343802e+01
4.150432634831472001e+01 1.372346907895001777e+01 3.481292905156492168e+01
2.857669745264511363e+01 1.291806438593981810e+01 4.228045083489629263e+01
8.520114205520282979e+00 3.766328731292678356e+01 3.980112629766689736e+01
3.354952763538324234e+01 3.503610307922738798e+01 2.493655482747532304e+01
2.139960235389343524e+01 2.127585227841800730e+01 3.706590413875176182e+01
9.144754269242451272e+00 4.215397825234508389e+01 3.158958578242814852e+01
3.022619332278012649e+01 3.158892401732697763e+01 4.031114009050005365e+01
3.635332638073874989e+01 1.337325652203555215e+01 3.529008275365494285e+01
2.435915533977070879e+01 4.678855412512947254e+01 3.369882043823506024e+01
1.044833177337291197e+01 4.398269241236947380e+01 2.597129522097430154e+01
4.592595772984424940e+01 2.283056477446364241e+01 2.137755124554030672e+01
1.108076723074177750e+01 3.081051817813826332e+01 3.231663604190435279e+01
3.639983450885267757e+01 2.612029828168752488e+01 4.215891466090734241e+01
2.347725870655758129e+01 1.861391737269099167e+01 2.135392659343622412e+01
5.245364019093548791e+01 1.926642287928527963e+01 2.863928905908595368e+01
2.271058287830444300e+01 1.844194607449215084e+01 4.077346518479448179e+01
5.363396100358842489e+01 2.308608189549192247e+01 2.958094641493910260e+01
2.432388822174198850e+01 4.368051113888441250e+01 3.707271519050935638e+01
1.132094644696658747e+01 3.387349957744180529e+01 2.255934954805942283e+01
5.301834407470384036e+01 2.079888287639757394e+01 3.343445231757524994e+01
1.686639528555133793e+01 3.786519654207724273e+01 2.225573435715071113e+01
1.678958394126199849e+01 5.169120842620775136e+01 3.206232846532920178e+01
3.327255638992686215e+01 3.723621939394929825e+01 2.983627498891873842e+01
2.772392154744085246e+01 2.148557357303823778e+01 2.037007426341505578e+01
1.448301066767687928e+01 3.858739608749701233e+01 4.093236994411725505e+01
3.126255701165228729e+01 1.557165442704327774e+01 2.186903260128416093e+01
4.580393522478313884e+01 2.986920764817235252e+01 3.973774749883673252e+01
4.165012290502721726e+01 1.555645226322862840e+01 2.412571335438422082e+01
2.505280042556552189e+01 3.029144562420232489e+01 3.932147217256723337e+01
1.884775089766571909e+01 4.974316739973904333e+01 1.971037477923673720e+01
1.834789058384263427e+01 2.982886100359488779e+01 3.052113130545068032e+01
3.103857698898434592e+01 1.412424323115768310e+01 4.108590148892969296e+01
2.978474914515951610e+01 9.287081661240875974e+00 4.059742392689585699e+01
1.113915687255212816e+01 3.578125895961817093e+01 4.117746916785360156e+01
4.312420988349150264e+01 1.882728340601204309e+01 2.143233238246545369e+01
2.529896837549230781e+01 4.514109536590679994e+01 2.849649234492805405e+01
4.432906505679962095e+01 9.978658833485255286e+00 3.610618707046862852e+01
5.115491364815876807e+01 9.754102000834556918e+00 2.352754637560551032e+01
2.144569949045948576e+01 4.466378894902587149e+01 2.226612374045273413e+01
2.457853076694310346e+01 9.781239684604109641e+00 2.800394301892817950e+01
1.988020164119415512e+01 2.789030906814536692e+01 2.819396014027707409e+01
5.218883598616150010e+01 2.977568269896444519e+01 3.405336793035694853e+01
4.559803588636020777e+01 3.251056119880047390e+01 2.561821829734289935e+01
2.209057304153699874e+01 1.492622223583760288e+01 3.979863443703615644e+01
2.217305928370245738e+01 1.924081545673635674e+01 3.385764943417881057e+01
4.393055795097706806e+01 3.327910044864991335e+01 3.657717035264921890e+01
8.035693032185132978e+00 4.040617994007379110e+01 2.920232443955631396e+01
5.041955432652417812e+01 2.378368966923001437e+01 3.973352633765562558e+01
1.979038001852564932e+01 4.944293509657300945e+01 3.969180246631706410e+01
2.729806858830006888e+01 7.469890533242619313e+00 2.386341081597846170e+01
6.361348425923337935e+00 3.709767965000222745e+01 3.332664017700511039e+01
3.290117344159796176e+01 2.294027676914766189e+01 4.279959730398238094e+01
7.305706067852271168e+00 3.918898358066934406e+01 3.477039306584033085e+01
2.910056812394047654e+01 3.748134616407105568e+01 2.877125311297081467e+01
2.768949663666182204e+01 2.722981850212712018e+01 4.188416963635523871e+01
5.203286337329706157e+01 2.027686655567740459e+01 3.814400963380784049e+01
4.392309395683312800e+01 1.374279216733282993e+01 2.367235244886456869e+01
1.819265225113154827e+01 5.256645742450852765e+01 2.484118179023552386e+01
4.463727277965001150e+01 1.023823437699343408e+01 2.402837568626288345e+01
5.106633509064076293e+01 1.529819978625296883e+01 2.950275261905516544e+01
1.797671782750105862e+01 4.573164486267535267e+01 4.331432362629359289e+01
4.180284794438109230e+01 1.399630623649562722e+01 2.813040313937900194e+01
2.114539817428480006e+01 2.060476251024289240e+01 2.908845892592776750e+01
4.753699567884278565e+01 3.330574322307599289e+01 2.774966948737402817e+01
1.165935597670431179e+01 4.833195345449239255e+01 3.274382054470456183e+01
2.109996441912749532e+01 4.818994797368131344e+01 3.801395228381785785e+01
5.224727351608461845e+01 1.827568184004723406e+01 2.560533763697787180e+01
2.067216880137601009e+01 4.002284486741012159e+01 2.314855237375050834e+01
4.969527423878420791e+01 1.173278854525375081e+01 4.105595735209051611e+01
4.974761536017742003e+01 8.628577862190104142e+00 2.868753071168643132e+01
7.254567540643455104e+00 3.467908243603936569e+01 3.758951003102541932e+01
4.871427871265494502e+01 2.242049244251107254e+01 4.086125893746661575e+01
1.262053074499172922e+01 4.846958327421408796e+01 2.607212280672188598e+01
1.113843068405430436e+01 4.666237710296420005e+01 2.777845202930446433e+01
3.594424849951467138e+01 3.412144916197841127e+01 3.782556698462244782e+01
2.595673752127715161e+01 1.092661956679424762e+01 2.082080406558990049e+01
3.948856306762191792e+01 3.111689703606821666e+01 3.918310526030963103e+01
5.180364624500459314e+01 1.096639589455499397e+01 2.799844170275802213e+01
2.177182231826591519e+01 4.730021756461884053e+01 2.609486556175335181e+01
2.002470126830257158e+01 2.466330119166050849e+01 2.759755446332515660e+01
3.976347416240885480e+01 1.526089952920609072e+01 3.855734881689965476e+01
2.545467696397270529e+01 1.386475755813240163e+01 3.394365736189944727e+01
1.468182182334271779e+01 3.307666514422301418e+01 2.360349817849763099e+01
3.045643620175736288e+01 9.206737964442611499e+00 2.371113582083162541e+01
2.121147983010607874e+01 3.710883584101760135e+01 2.384266860520370201e+01
3.319208879109221755e+01 1.392384710237964462e+01 3.048981040405043075e+01
2.961457595238570306e+01 2.001582945684879533e+01 2.028272507320408380e+01
4.050629017631614914e+01 2.171646045313666917e+01 4.208863366555382157e+01
2.757288663872462209e+01 2.386847928364957738e+01 2.056055056366226808e+01
3.769800509417248691e+01 3.545151963131308293e+01 2.850741650080384204e+01
1.086438255169804812e+01 3.127404585329595932e+01 3.694637150920893731e+01
3.837372038706681820e+01 2.179208996984598912e+01 2.070073865606342167e+01
3.527631089369280915e+01 1.703019735051747929e+01 4.140336189839473491e+01
2.488697397212971651e+01 3.737578447741560694e+01 2.621755626053753119e+01
1.569682652684805468e+01 5.248863734862062813e+01 2.679327316860910813e+01
1.410386616442986885e+01 3.206518253562094145e+01 3.897404085050079914e+01
4.086631068193183580e+01 2.275557930831859466e+01 2.093277918420262296e+01
2.202482388203851471e+01 1.391692209697679949e+01 2.495727042353772873e+01
3.036468518565057551e+01 2.498166767910012709e+01 4.269892163150272069e+01
1.765379924456676264e+01 3.273031487422263552e+01 3.782413036925315453e+01
4.883910956602897357e+01 1.510613787171605082e+01 2.154001560658634062e+01
3.031881861352506746e+01 3.605914555958892720e+01 2.548479037177153828e+01
1.842954581773296141e+01 4.040436473740108880e+01 4.028149452073257919e+01
3.675820889785143208e+01 1.463717991832079512e+01 3.780657086193698291e+01
5.341421305534083785e+01 2.652418238537458706e+01 2.776478364416274047e+01
2.354837345183149111e+01 1.535134341832051774e+01 2.110247012619848661e+01
2.388242177970341373e+01 4.810233431920597269e+01 3.042457080323235630e+01
2.677776978117969264e+01 9.045149471642744743e+00 2.844805156338674834e+01
4.776010388555985742e+01 3.181220195026029529e+01 3.715358362789251601e+01
5.143436060373029761e+01 1.682189246331984833e+01 3.357741514417325135e+01
5.219786308965542787e+01 1.369844618493072197e+01 3.886723831115200767e+01
2.307795565000159854e+01 1.362907097705916470e+01 4.143924804519708260e+01
4.894546628607749739e+01 7.111639185952464359e+00 2.592194649587531785e+01
3.409161489073729712e+01 3.658343500065441134e+01 3.554107703664958962e+01
3.756892400803790366e+01 3.262692455113172230e+01 2.450304729813745297e+01
2.180170436031378856e+01 5.031011609399472917e+01 3.090945920113674106e+01
3.242282785739065787e+01 1.470697626736528107e+01 3.799657299820683676e+01
2.684563261300483816e+01 4.345386649481333308e+01 3.031253643989914082e+01
1.868019373440964870e+01 4.462097910685417901e+01 2.155132185687324409e+01
4.763646210655484481e+01 1.937190300658668463e+01 4.141068915282608032e+01
6.962563122861293863e+00 3.433611896989683743e+01 2.902117397360819950e+01
1.726398340275894228e+01 4.923902652362448862e+01 4.214711435948158424e+01
1.493584773169881430e+01 5.113055920671223475e+01 2.846707629177854670e+01
2.607415290880511805e+01 2.991693042426378923e+01 2.263190392342855617e+01
4.464499151648806219e+01 1.849412537116076294e+01 4.150066514585481059e+01
3.789747758450620552e+01 1.258852693727767047e+01 3.001997588824341889e+01
5.034500477898114923e+01 2.604293322653087017e+01 3.959612618754330526e+01
1.976729373128833345e+01 2.843604190557977063e+01 3.462287875373665003e+01
1.187452901714961762e+01 4.690382846434340536e+01 3.737393705665525090e+01
2.628959008236437711e+01 1.667395456947007304e+01 2.020715714710292588e+01
1.412931427856531741e+01 4.167263247510261692e+01 2.283656351501189619e+01
2.587601681369604023e+01 4.317407418379816875e+01 3.551782470299382766e+01
5.006063935050178770e+01 1.331263275062271312e+01 2.975462763287896806e+01
2.986297880372040936e+01 1.196515851839182609e+01 3.505736363853531401e+01
2.644187985937334773e+01 7.029082426367832426e+00 3.824881688475922203e+01
1.922476664930187695e+01 3.159584229998198879e+01 3.556599389282705914e+01
4.647462465444253610e+01 1.461520126528948893e+01 3.235793990692550892e+01
1.670320071266359463e+01 4.954704692291851131e+01 2.466813598098662652e+01
2.851387363137308739e+01 3.429173112787518107e+01 3.850243410969949309e+01
3.812610766830121634e+01 2.167409532501968883e+01 4.233660631975726574e+01
1.478657560445940788e+01 3.108944190718393941e+01 2.662196047943382382e+01
2.287169587843662555e+01 1.671444908473640112e+01 3.545668795055582478e+01
4.113827816457367703e+01 2.585408722927949299e+01 4.187506690041553270e+01
2.112314051399123471e+01 2.439248145153402092e+01 2.536221605090068110e+01
6.627710953627062196e+00 3.821723777447666492e+01 2.945135825105734284e+01
4.131450441241082672e+01 3.396418858225237614e+01 2.724078921457303437e+01
4.222639791055162561e+01 2.469293138797505449e+01 2.103974348626779900e+01
4.593390632778466909e+01 1.300029581347404850e+01 2.940018243482458971e+01
2.736879258428102091e+01 3.814864734797378532e+01 2.996078895740106773e+01
3.789095224589907929e+01 2.987699675924888254e+01 4.031006177241561517e+01
3.278288888235235277e+01 1.723014504959992621e+01 2.166065399645533063e+01
1.417734184224592653e+01 5.113531736305908737e+01 3.291419842023763920e+01
2.912026007909988579e+01 1.493899457316288348e+01 3.413102520575229448e+01
3.945248358891235796e+01 1.289055915083064185e+01 3.398305216252029481e+01
3.999748863654387065e+01 1.705549858262202889e+01 4.122240514453434912e+01
3.225550799572190641e+01 2.048093896513281464e+01 4.265219224857085578e+01
2.834439111250190990e+01 3.740676451456925378e+01 3.430197300341383482e+01
3.154073100392752949e+01 1.231015713657529886e+01 2.533714706506942349e+01
5.229303155410795512e+01 2.871959220301048887e+01 2.742126339036958527e+01
7.304730827167080776e+00 3.452841560543048871e+01 2.582679283362670475e+01
3.246969695500477826e+01 3.727845362409943419e+01 3.364556128374859867e+01
2.727774755213302527e+01 1.087870876008751964e+01 3.407172802940694112e+01
7.842894388060264177e+00 3.610557931540601118e+01 2.356155180361138335e+01
2.358721378788089851e+01 8.882376122806114438e+00 2.360137488095383773e+01
2.450839717145195351e+01 1.265343084962117715e+01 2.857980943778431282e+01
2.451088820764593024e+01 1.719889228154907101e+01 2.991280147255556798e+01
4.718405028925667466e+01 2.673635428843462591e+01 4.099528316258218297e+01
3.160583443688061678e+01 3.008407367722749015e+01 4.095364590944858207e+01
6.498169404864987619e+00 3.618115632249519109e+01 2.804241981898885783e+01
4.081790882321516278e+01 1.459746671154185726e+01 2.633635390736477433e+01
2.790522312713317987e+01 3.429035597901215482e+01 2.455473702528851021e+01
2.543390689136764138e+01 7.548189613821955746e+00 3.639249083541949403e+01
1.863227489104551537e+01 3.975293695547954798e+01 2.262384465903394570e+01
4.358203340873449605e+01 1.268406889725194198e+01 3.704865716177750556e+01
2.928172784425183650e+01 2.510893160180336992e+01 2.036720471977520575e+01
1.722645021724267167e+01 4.509890510933993824e+01 4.141573594798453684e+01
9.467237930160095516e+00 3.969592439171191245e+01 2.363778207936332620e+01
2.340546975598991253e+01 4.171528751062358964e+01 3.857653413574819012e+01
1.388974858962697567e+01 4.576487742378607493e+01 2.382165911225359167e+01
4.412676204696072091e+01 2.067849507226519279e+01 2.126416184625436046e+01
2.244952927130527343e+01 3.100193539539414900e+01 2.612558598965856405e+01
5.248015446307790910e+01 1.374101664606296147e+01 2.617422421979397740e+01
1.990904681156081679e+01 4.181228720270079435e+01 3.975089590104116866e+01
2.386862703319249590e+01 4.551224625327054696e+01 2.699268842960500692e+01
4.352648446746496802e+01 2.667855230590637561e+01 2.144386185463538652e+01
2.228622855405976821e+01 1.221455192638558174e+01 2.368738644754025557e+01
2.061928413322495857e+01 3.555750257154932825e+01 3.871157860978853904e+01
2.365627168408665781e+01 2.111343645646418210e+01 4.144151037988551423e+01
2.592325239172157225e+01 7.246128292307987273e+00 2.543435988321205699e+01
2.461050281626771152e+01 1.753804152736135435e+01 4.247505618298197305e+01
7.206765053003752364e+00 3.682734828226041657e+01 3.841128184063510531e+01
1.358392094465548361e+01 3.041208830489250659e+01 2.988019890573477966e+01
2.031623305924746248e+01 4.691073070009405654e+01 1.849943986224742076e+01
2.957228982357079872e+01 3.655281566146388172e+01 3.656785746499795664e+01
1.610945844069077637e+01 4.276252431457748315e+01 2.303957059627363790e+01
2.678553045764076757e+01 3.902034126835306438e+01 3.467432077057176798e+01
4.300851064095337506e+01 1.374357701556179023e+01 3.158793753800755866e+01
1.809475178677937990e+01 3.219232626524559038e+01 2.653334952541688452e+01
1.605928452751514612e+01 3.073333874657332387e+01 3.370154404765413148e+01
2.188383039545999864e+01 3.795317144796634068e+01 3.925472672380039540e+01
9.891812276615617350e+00 3.334128346908228480e+01 3.975124807936825277e+01
2.085954850307286890e+01 4.869636345479338502e+01 2.488201457956586538e+01
3.247178468219503600e+01 2.914482046908553770e+01 2.146916956284937683e+01
4.542355298183007761e+01 8.504565728437698979e+00 2.746057966503655123e+01
2.297486058815574239e+01 4.180084526186134042e+01 2.416740297105718227e+01
5.020173495270708486e+01 1.315328282978855512e+01 3.332906901755899298e+01
5.324856788873797342e+01 2.890941481488818710e+01 3.055920505556473188e+01
2.682528735428545019e+01 3.975344233791641102e+01 2.819511349556195867e+01
4.524531697186439771e+01 2.627767088419795272e+01 4.145466072621515252e+01
1.302656845081451031e+01 3.042123983279187982e+01 3.387089078312003210e+01
4.527411552119603755e+01 8.235575097285197543e+00 2.510958397628687067e+01
1.107325462518391213e+01 4.035018614444718565e+01 3.988296361564849235e+01
3.609862725138141570e+01 1.586783055712810686e+01 2.368630368732873492e+01
5.257368687977795219e+01 2.057395547447192641e+01 3.620580124082623286e+01
