3.446893182338406092e+01 3.654699659407667411e+01 2.738146557584488505e+01
2.194962083020358534e+01 1.966289007331625172e+01 2.531698889425163301e+01
9.501444409952865655e+00 3.229654494578027624e+01 3.793254082001655547e+01
7.592271188363244327e+00 3.410943661265906712e+01 3.796658472895958170e+01
4.533690162874160734e+01 2.468320205625074237e+01 2.130677664023694007e+01
5.012047954639514558e+01 1.849977838011731990e+01 4.081828417078329352e+01
3.236710991419007399e+01 3.741764393305784608e+01 3.170776970618166501e+01
4.026254070525467199e+01 3.486832186665424160e+01 3.242820117130284530e+01
3.024880196486287787e+01 8.527162451828838030e+00 2.445600841274022130e+01
5.117265453282742982e+01 1.661786369393297846e+01 2.267550946797726397e+01
4.583139001918623023e+01 3.076522086785441346e+01 2.378985145176369542e+01
6.568769952256310773e+00 3.511720861152867457e+01 3.096992746977439026e+01
4.764353510617735310e+01 3.230683227583259765e+01 3.654341697148205981e+01
8.349982200292860313e+00 4.039070425225306593e+01 2.651039354642409762e+01
4.062331888386243151e+01 3.460314033872025163e+01 3.378368187024001656e+01
1.768180866183038091e+01 4.125114720418227421e+01 2.276591685395107589e+01
4.815309921519962444e+01 9.187620862187579007e+00 2.263120467878279030e+01
2.913096886601248059e+01 3.644421461105505955e+01 3.669607085351267983e+01
2.129658710702069513e+01 4.804687220665059044e+01 2.500024935496043810e+01
2.511907341256789294e+01 1.470634892383577963e+01 4.266492915891024040e+01
8.371791091104881843e+00 3.391138984044796700e+01 2.422537522903876805e+01
1.449054057459030531e+01 4.479148576248760349e+01 2.353363273339410000e+01
3.713185466488056363e+01 1.279931237112874598e+01 2.939024987232389563e+01
3.575651236059802329e+01 2.520294702447057489e+01 2.052990427261908124e+01
3.334253139668401644e+01 2.492782274369947615e+01 4.265040912237908088e+01
2.329303711084313377e+01 4.863338826934166548e+01 3.021201437311836813e+01
5.467709683199407777e+01 2.544114549496989497e+01 3.178426241841396305e+01
5.232633129915145531e+01 2.755592384418844176e+01 3.652862465966860839e+01
3.770482933292183958e+01 3.517750170132632093e+01 3.506810346367355180e+01
3.543785679248055942e+01 3.245057976769318486e+01 2.378955343510759235e+01
3.858423549656463081e+01 1.424663299970825392e+01 3.730885977523939800e+01
2.422904306053271739e+01 1.065181026670774500e+01 2.148291216316963670e+01
1.526371712241067335e+01 3.689892882534228136e+01 4.101943600599189921e+01
4.063827501845189261e+01 2.061597857551257107e+01 2.104208029542804326e+01
2.947002730126622794e+01 1.052930864101168318e+01 2.182240732231177560e+01
2.217381222494376658e+01 1.265750752110074906e+01 3.919730590641334800e+01
2.726143092827266656e+01 2.501521625201718280e+01 2.072265728014819430e+01
4.927553198659866496e+01 1.618841363336920125e+01 3.083538341454118026e+01
5.184582585329987126e+01 1.591337139665577105e+01 2.852586922267249392e+01
2.377943876539849555e+01 1.163766201473339201e+01 4.164621252109289173e+01
3.149422658214609783e+01 1.203738144171527580e+01 3.751624949810899068e+01
2.210362322767676346e+01 1.744706075784799992e+01 2.503395127178821156e+01
3.250103118425378312e+01 1.519162779050548728e+01 2.416118482714296078e+01
2.262924351130997280e+01 2.942431222085829035e+01 2.511924818191988606e+01
2.486838984475259906e+01 1.379697776231509110e+01 2.048008905352123676e+01
4.971756461869652099e+01 1.723780340584345083e+01 2.178592128199815292e+01
1.980662340999973381e+01 4.028295006980531667e+01 3.998740680059081853e+01
3.323522040392390409e+01 3.701928824880153002e+01 3.460932426036080756e+01
1.161681117822647025e+01 4.764708278501866801e+01 3.514567114772395939e+01
4.618201613963774577e+01 2.312828078318722902e+01 2.141920018552539773e+01
4.429322713812761947e+01 1.358770344232650729e+01 3.996295550035175381e+01
1.945695220782526746e+01 5.238706013211833579e+01 2.681380977578053404e+01
4.855656175721495060e+01 3.122253162217511857e+01 2.534914498612368305e+01
1.092585574593785758e+01 3.749612600474063129e+01 4.096646555659233968e+01
2.269999878230985857e+01 2.615748318830539176e+01 3.955911463806497608e+01
1.634534891998615080e+01 3.197159166086388637e+01 3.746600086642151695e+01
2.646075276834026724e+01 1.335917801848269804e+01 4.275491779774358747e+01
4.415036798378272209e+01 3.140848953362835871e+01 2.411176415834042430e+01
1.961187986976113251e+01 4.661205144533352751e+01 1.858455032470194368e+01
9.964138795341277444e+00 4.367281391298570270e+01 3.459092921670789167e+01
2.453467398452609061e+01 3.278209546680910336e+01 3.745142718189207187e+01
1.860117060762578944e+01 4.157665855283845247e+01 2.297811724418920676e+01
1.268892503321318443e+01 3.460680781668049377e+01 4.094607611819274950e+01
3.146912515002617994e+01 1.890690801716891656e+01 2.062871981435297641e+01
2.137192669999077310e+01 4.703725857016092249e+01 4.352536893449092048e+01
3.738746687383622458e+01 1.355808315935345831e+01 2.703335801505881619e+01
1.837881971919521007e+01 4.319393257740433967e+01 2.316289546774025254e+01
5.115906765116849897e+01 2.178177647216718782e+01 3.920797117502884532e+01
2.373688236081084924e+01 1.773525925761101263e+01 3.323283540278399073e+01
1.318864815895918774e+01 3.381257402427574732e+01 4.051702518616261273e+01
3.470886606651917816e+01 1.999487663188685715e+01 4.253786820865120433e+01
5.159484800835442542e+01 1.023717460776748567e+01 3.493204317232240896e+01
2.545376934957306858e+01 4.422240610268123362e+01 3.514999321961499135e+01
5.230355017120089656e+01 1.188412899656545108e+01 3.810805360803271924e+01
2.875259219051123694e+01 7.535790100834074856e+00 2.551975205125692980e+01
2.581337250049273990e+01 1.717472144297708780e+01 2.024641056439736175e+01
3.302303411526111176e+01 3.548909483705765666e+01 2.521885303528290834e+01
5.377231272441954957e+01 2.833356683995805980e+01 3.232208754174953924e+01
5.180955906615307782e+01 3.096187368372175897e+01 3.196309854608236378e+01
2.662316427563377630e+01 3.134814860902857347e+01 3.959012421904509438e+01
4.224204396266955541e+01 3.418703886023970995e+01 2.790542560319796905e+01
2.740411281109910391e+01 4.151262378155593780e+01 3.016536954678661431e+01
2.965896780357888929e+01 1.494677203681045796e+01 2.093430383829327113e+01
4.439887645636184743e+01 1.241917747745593559e+01 3.969651071469837689e+01
2.587666964076878173e+01 7.271590992062387571e+00 2.571851419971798691e+01
4.146655896154134524e+01 1.688218166183227353e+01 4.097644583198609070e+01
3.994332670037304922e+01 3.038520984838346806e+01 2.309132165742518339e+01
5.143949510011616155e+01 1.448453121458561377e+01 2.286995232095201303e+01
1.301057269093122315e+01 5.001613144565847335e+01 3.464388580272209595e+01
4.063184253853199124e+01 3.487055739155783129e+01 3.084921480563921037e+01
5.182431260997960720e+01 1.065725478932544235e+01 3.511977815107648837e+01
5.241450262301813723e+01 1.874175547629724292e+01 3.606873909489103625e+01
7.473203278154588958e+00 3.382910494047094119e+01 3.668703179591479113e+01
4.823432107837652438e+01 9.613010685362114671e+00 3.357074639243752756e+01
5.238352006737520128e+01 2.830871722649056821e+01 2.712146534717006929e+01
5.216211661565778712e+01 1.313744687596915739e+01 2.768060185264060635e+01
1.696188295722698669e+01 3.078448285753412961e+01 3.304311425526354640e+01
5.280597066795287020e+01 2.010658744166337542e+01 3.142760130841088539e+01
4.960260877365904975e+01 1.622269124912457272e+01 3.231551716320892353e+01
4.615076505955822483e+01 8.607482348204060330e+00 2.827777852250626012e+01
2.769618494320564039e+01 1.430257031666812573e+01 2.905046973944099165e+01
1.944809731006489528e+01 4.978653295226385467e+01 2.065341992932561155e+01
4.508312379147284332e+01 8.687733447199407877e+00 3.557162393769965547e+01
5.140288098869604738e+01 8.380134402675521343e+00 2.614401324694851780e+01
2.070338410290188946e+01 4.992446425924477182e+01 2.807232649282094172e+01
2.908749090755681976e+01 3.272178460285429935e+01 2.323821483687824951e+01
2.688659314619539842e+01 6.952738090521859426e+00 3.737924302534249676e+01
5.183892914404701457e+01 1.326674554833535424e+01 2.343340309887583572e+01
9.808325894963644487e+00 3.228135612698014967e+01 2.518224201027317832e+01
4.154016091406408862e+01 1.480983692386185169e+01 2.619542474893884076e+01
3.363017938832764742e+01 2.296549046000920313e+01 2.025882176560072878e+01
8.561139118216997801e+00 3.380970389681024102e+01 2.412957692466920179e+01
4.034318061388991339e+01 1.586371712922714394e+01 3.986599985561558412e+01
7.001341441828081713e+00 3.405100157439073882e+01 3.263450747047504308e+01
4.272438996782837251e+01 3.449103164284903755e+01 2.883024197492670027e+01
2.840364684424262265e+01 2.397629362207176129e+01 2.042963810246222067e+01
5.127507241761995260e+01 1.104338167752771760e+01 3.996732806195139176e+01
1.076844668197126254e+01 4.586691388707782835e+01 2.788447388475445265e+01
4.786607109122337533e+01 7.237596464490288817e+00 3.556430505280908250e+01
1.049059769032771605e+01 4.566526158598460938e+01 3.030325600272393416e+01
2.207608157795539938e+01 4.278890940170990120e+01 2.400063791038987304e+01
2.532523210535307712e+01 2.842991163566295398e+01 2.227977095896528326e+01
5.220622472195513808e+01 1.819959206262440787e+01 2.529224426294247507e+01
3.039423120609117035e+01 3.274902414664455819e+01 2.316562341469991892e+01
2.072537440711788292e+01 4.499798590106401264e+01 2.035343315238778672e+01
2.082068313422094263e+01 2.087338061002973433e+01 2.968145095780552367e+01
4.981885314987616908e+01 1.429058754418315758e+01 4.120386062770229074e+01
1.978991027350554077e+01 3.786975117726830575e+01 4.002778596651754839e+01
1.484492318081389328e+01 4.518713131638578773e+01 2.352366287911502596e+01
2.179699095822460109e+01 4.268666097791063407e+01 2.385239226942954716e+01
3.145595429169284074e+01 3.135392997041413921e+01 4.039617195652549242e+01
3.067427154180583670e+01 1.461473781847137765e+01 3.501071099707369427e+01
4.593638546368448772e+01 1.521809576904964700e+01 4.126397172830833426e+01
3.058126928861555172e+01 2.835693938874334208e+01 4.179051292050910149e+01
2.145384345375722290e+01 4.265337806646223129e+01 2.368624942308883874e+01
2.438806268215761008e+01 4.603247086438248203e+01 3.456709900331701135e+01
4.556233608071727303e+01 3.396675950972915814e+01 3.479554931029236542e+01
3.438623615958523771e+01 1.502666738073312303e+01 3.755913328213870273e+01
5.229880233587443428e+01 1.450138614273361881e+01 2.720160689128736919e+01
2.345850610099803646e+01 2.331263763233827646e+01 4.084412308948729731e+01
3.090449990811572434e+01 1.490543772578738668e+01 2.882175884484389172e+01
3.221568053051225888e+01 1.559182328882384283e+01 2.292579753093716732e+01
4.780924491618706185e+01 1.473200486039230661e+01 4.152186615861028685e+01
1.596840619407084638e+01 5.153671266635905113e+01 3.291129870869985297e+01
2.410766394716726779e+01 3.627480726984761361e+01 3.703568687227835454e+01
5.098717705997026428e+01 1.590309608046532830e+01 4.055158547341562070e+01
9.458933485771357397e+00 3.575515794678274517e+01 4.064994958997706220e+01
4.684458588746662144e+01 8.633044048831962414e+00 3.429242010967925580e+01
2.507790017332110821e+01 7.443983617868257241e+00 3.698511390546906341e+01
4.673277612933444658e+01 1.697400535276242195e+01 2.146031741302125084e+01
6.930314585536024197e+00 3.874707844052150563e+01 2.871119997373801880e+01
2.384043847277979467e+01 1.746157890628923326e+01 3.368951066241772452e+01
1.196851350510258705e+01 4.448923790883750229e+01 2.410816859906506693e+01
3.529323742403809661e+01 3.554604746633490464e+01 3.654660649274858741e+01
2.147948358241650979e+01 2.061717210491151775e+01 3.583941491859037853e+01
3.917453552241070014e+01 1.331362181179373216e+01 3.549353064778405553e+01
5.183562447887680236e+01 2.454255299973723936e+01 2.486337491139679656e+01
1.403051952538316094e+01 4.986762838873925574e+01 2.631866703293582788e+01
4.826374210294145684e+01 1.055951256072380318e+01 4.104274102119674694e+01
1.038240409485345950e+01 3.976760521940025228e+01 3.986991886423615483e+01
2.312892835296351990e+01 4.414889625054290434e+01 3.791139368211008076e+01
2.517473428851703687e+01 2.717439926041359044e+01 2.185305878222262876e+01
2.725711915248230355e+01 3.199055631545810030e+01 3.947954738940037345e+01
5.250630838279663948e+01 2.211095431117708543e+01 3.705582670152301006e+01
4.381605431085336022e+01 3.388057470542877780e+01 3.548763713135274145e+01
2.217685704077808140e+01 1.246928955998806821e+01 2.456085723190751935e+01
2.197064829831228039e+01 1.969955214167988800e+01 2.604676705710524587e+01
4.859444201495374216e+01 9.486275034977911247e+00 2.250501345981106738e+01
4.955735747617278264e+01 7.114889205974662900e+00 3.712800458961200434e+01
2.850434135465111751e+01 1.885241639226801169e+01 2.024914929819886922e+01
2.248199934007134360e+01 4.213908071855790638e+01 2.403397202049864134e+01
5.360503142222635375e+01 2.861592681591254461e+01 3.168985345784417973e+01
2.230322613660489139e+01 1.538627729165626690e+01 2.266784225390011187e+01
1.705246315136621504e+01 4.924115488782743455e+01 4.029571120619564795e+01
4.944640193850514009e+01 7.263645535216232574e+00 2.585858459172024482e+01
4.519419152889577873e+01 2.212177566787127958e+01 2.129546995370390405e+01
3.670983031183664735e+01 3.422864736243429462e+01 3.728989387538584310e+01
5.219900225486037471e+01 1.444700180478793428e+01 2.426720335305167708e+01
5.186844047781362121e+01 9.585836730531720917e+00 3.572764116257745570e+01
4.232540090704333835e+01 1.517776817040525117e+01 2.452496588303735692e+01
4.831674977528975035e+01 7.118823371503577135e+00 2.667344182304110944e+01
2.018967700928722309e+01 2.492296119832071710e+01 2.720153034269140946e+01
1.568443609150608786e+01 4.717277193706492255e+01 4.119365180050100861e+01
3.629470219928930419e+01 3.620734217204378780e+01 3.284628926456057485e+01
3.992106551370607548e+01 3.434061176466991583e+01 3.517954554915338861e+01
1.680850883008564622e+01 5.309632659819537537e+01 3.489009100903939498e+01
2.445877845934613504e+01 1.645012297322320194e+01 4.247066733267689642e+01
5.094291595812400431e+01 1.665477258455497633e+01 2.244825918547153165e+01
3.091498434352919489e+01 3.071972123897291596e+01 4.072944306979734819e+01
3.115301266772789290e+01 1.412058868670409950e+01 4.095264226751353931e+01
1.884747935968563226e+01 3.277134961354185094e+01 2.602692647445261898e+01
2.972379028705609016e+01 1.031686500547275820e+01 3.512193251846311881e+01
2.923375098538514294e+01 8.592170058547843325e+00 2.727837893517586565e+01
1.255410113213243406e+01 3.107595614194704225e+01 3.745458733467022228e+01
5.233800478933795119e+01 2.896084553648289273e+01 3.506329804040953491e+01
3.116382152632701974e+01 1.292696006099570738e+01 3.650061856774807012e+01
6.570501581874145458e+00 3.606622196254394197e+01 3.568316892616177682e+01
4.377288137742916518e+01 2.862822653441233811e+01 2.220976063381094079e+01
5.223397990435141480e+01 2.492652222169762766e+01 3.756214166354649819e+01
3.118417770123263111e+01 3.751122220515157579e+01 3.068312995812335231e+01
2.269595030451127826e+01 1.664299129101912911e+01 2.716821847162315606e+01
1.722552895660948025e+01 5.488208613558748539e+01 2.677930536272734940e+01
3.757147965102972620e+01 1.370200695758144249e+01 3.654940329806083099e+01
1.815347307560109513e+01 3.321832321515240238e+01 3.813993149926109538e+01
3.136297087525807470e+01 1.430922688828112044e+01 3.604495797946686508e+01
3.202924744022554648e+01 3.039503302965581355e+01 4.078933017270780681e+01
5.229042868723703918e+01 1.689568195042551935e+01 2.558800687877844382e+01
1.197492062663500434e+01 3.109024117637284235e+01 3.738406926759650162e+01
2.887751806106723151e+01 7.520125287403197412e+00 2.523026244193579970e+01
4.165705910286607150e+01 3.457889059182209479e+01 3.344206977177258722e+01
1.747922492113968929e+01 4.444336250293108748e+01 2.300271952318144741e+01
2.448633924036579401e+01 9.379393583479615160e+00 2.772171512676010252e+01
1.029810856321562440e+01 4.320050314190395824e+01 3.721642392200966043e+01
4.087302443440054134e+01 3.076290379019277310e+01 2.346089824865994089e+01
1.267483972061271125e+01 3.058935375941302226e+01 3.492439044978058149e+01
2.499606992051117516e+01 1.669586864797108205e+01 3.236442369168906197e+01
4.836121767596662835e+01 2.541810561612700070e+01 4.087245282971935012e+01
2.736187161388696154e+01 7.577473480476333734e+00 2.362850054096841035e+01
5.041466872834256208e+01 1.830349678706978622e+01 4.064540549734529407e+01
4.359025761732165449e+01 1.419998607596515505e+01 3.463759387094618347e+01
5.059137527116163824e+01 2.314512629637578911e+01 3.961004592747849529e+01
1.450278916500587201e+01 5.084625899696541751e+01 2.798391724887864740e+01
1.101093573817494153e+01 3.301501858169561388e+01 2.329064685671960433e+01
1.101103377701888419e+01 3.083827110938303306e+01 3.164779091993323590e+01
4.892303085738599577e+01 1.592526770779417689e+01 3.220075475132466636e+01
3.435545474690047030e+01 3.101036667911626310e+01 2.266965883436630946e+01
2.744660480398472302e+01 4.042739753320627472e+01 3.266462240284162277e+01
1.623608330954467505e+01 5.155018742066184245e+01 2.912043677984792822e+01
3.789284467749757823e+01 1.526417671890403938e+01 2.456483886531167116e+01
2.243998178161113799e+01 1.511405078295315541e+01 4.063811590790403017e+01
3.919624936709740837e+01 2.972676491851643732e+01 4.024915543926636730e+01
2.600592007366655167e+01 3.244685261345662042e+01 2.434753909576485142e+01
2.881450893369753885e+01 1.498730667711060782e+01 2.056744173970299627e+01
4.400569038707652680e+01 1.681989718590366323e+01 2.197338707874038377e+01
1.209590368705656971e+01 3.985794695224181794e+01 2.250467709516134462e+01
3.190681272407169189e+01 1.500148154155258062e+01 2.653333287452902312e+01
1.874902349670335511e+01 3.866987605282901086e+01 2.262764237399158418e+01
4.549193484497398288e+01 1.417986484651105172e+01 2.975610885793415861e+01
2.749727732744247177e+01 3.191567916591066734e+01 3.963007988655876801e+01
5.382018836633669423e+01 2.387898597849064686e+01 2.980895410194247575e+01
1.760800763589639928e+01 4.945277354510773193e+01 4.187026548383646229e+01
5.203489244341808728e+01 1.623883315585745635e+01 3.478554378004707104e+01
4.535284776991643696e+01 8.288653266797563646e+00 2.487950990278959296e+01
2.743150308969335072e+01 1.536663178053563428e+01 3.129613374796605285e+01
4.531456300488432731e+01 2.475105187154806785e+01 4.168086702298693780e+01
3.210926657344973023e+01 3.259266850875910393e+01 2.318222192644188340e+01
3.625943927998255845e+01 1.273826508325844387e+01 3.085691474345404473e+01
5.081180657796723210e+01 2.008333314605755504e+01 3.999886732273761680e+01
1.039929126898632106e+01 4.456785628248982789e+01 3.555486828275909517e+01
4.660653900236432889e+01 2.860938499247826883e+01 2.253069333261752050e+01
2.307758589276051708e+01 4.699705032480638778e+01 2.794249223010968208e+01
2.264177648167117241e+01 1.875387860637036752e+01 2.995874396438146903e+01
5.348647538819031411e+01 2.748156435831826627e+01 3.448057822214477142e+01
4.415878957830387463e+01 1.059776923592837861e+01 2.653443240225534439e+01
2.770051173275671630e+01 2.492747803657186267e+01 2.062559161989821632e+01
2.548798152160431840e+01 1.444325420908871394e+01 4.271657045384829843e+01
4.884304507698053754e+01 3.296782572960523794e+01 2.848583383215664711e+01
1.268556761205873684e+01 3.044496750800190199e+01 3.012926020244145420e+01
3.945622868133957439e+01 2.456819656960953679e+01 2.078482076378293897e+01
4.485386826426903184e+01 1.596485213773569889e+01 2.201576175106203692e+01
4.419536348710454376e+01 3.479267773821197807e+01 3.159645424320009255e+01
2.237892300998527517e+01 1.785804068431948721e+01 2.649915997415531166e+01
4.426665915383225780e+01 3.169023630774283973e+01 3.839142391793014042e+01
1.945336828211655700e+01 3.674847142253724996e+01 3.987906536427804838e+01
2.319449014111241425e+01 1.527014867536655629e+01 3.520711494514432616e+01
2.505475439039797791e+01 8.982146289580377641e+00 4.121720335552551262e+01
2.918924648596745186e+01 3.666614723552906696e+01 3.633428702532859944e+01
1.359849306717486073e+01 4.937915900953627357e+01 2.607710162485302874e+01
2.463613862208243077e+01 3.745193078205507220e+01 3.710350172376486455e+01
6.959532748910056021e+00 3.433308118678574061e+01 2.910913174763109978e+01
4.111382295452447977e+01 3.447742591567536152e+01 3.407814008268496764e+01
4.751060347827936425e+01 2.193065207532933414e+01 4.126773854584971701e+01
1.529813159667032174e+01 4.547977067513926386e+01 3.963726219870115131e+01
3.947436493678418401e+01 1.574408934489378176e+01 2.390631621694799591e+01
4.696991686021453916e+01 7.249668540912006520e+00 3.585729919756958139e+01
5.281270792283249449e+01 2.848916795667207680e+01 3.459314359909556202e+01
4.734339292099110708e+01 9.842560170505951334e+00 3.362337914756396628e+01
2.581005434852809799e+01 1.622398141761749102e+01 3.035641253918917215e+01
5.269317701812261134e+01 2.698805112977608189e+01 2.657463191617228659e+01
5.222333067254896122e+01 2.111288001374413881e+01 2.549115411183756663e+01
2.810356270993694139e+01 1.074562335510612776e+01 2.109005561061486844e+01
4.293395479510091661e+01 2.674511593460346504e+01 4.153385000560501084e+01
5.038268864191775265e+01 2.038820392638505297e+01 4.023903692135996835e+01
2.718934347518058559e+01 9.575144102782704891e+00 4.177985088931639979e+01
4.899828289656848312e+01 9.458049310576603474e+00 4.061015640747952204e+01
3.966934812251383846e+01 1.279909861218359524e+01 3.330907576079718524e+01
2.188604807563446286e+01 4.648346695533016515e+01 3.966262222307462793e+01
4.300235286629597198e+01 1.608660068076322602e+01 4.058369050040336390e+01
3.163104943040541883e+01 1.261689779685526602e+01 2.430962005270522042e+01
1.221202227289094466e+01 4.147782996149813783e+01 3.979952955952207105e+01
2.425881825442241180e+01 1.205954243900539780e+01 4.209810330473048623e+01
1.117059387427567607e+01 3.375145467787636733e+01 4.051418063525807156e+01
2.740738618980276442e+01 9.534831661740343023e+00 4.172881808909397705e+01
2.589905156855076385e+01 2.427381217585354278e+01 4.194214975257186495e+01
2.553033412213201103e+01 1.614635889168446781e+01 2.027085562089148141e+01
3.142829395879892118e+01 3.202214700488545418e+01 2.280964276739518226e+01
1.424473096011323925e+01 4.096063437629570103e+01 4.031841850199383259e+01
5.157564236237281818e+01 1.562814688471605074e+01 2.315596935745595530e+01
3.703548538796856349e+01 3.572625393536038985e+01 2.842589645265998755e+01
4.609861997975064440e+01 9.582086875195821918e+00 3.418093313043384285e+01
4.908768835655336460e+01 3.066457453668754596e+01 2.512442973050901074e+01
3.187409273560523104e+01 2.592109377641722290e+01 2.037745924128383379e+01
9.609092449328537455e+00 3.273777684111615116e+01 2.453597744494850019e+01
3.942180240068268660e+01 3.006715333885222208e+01 4.000021710698682398e+01
3.147526236944144884e+01 1.163685400212493803e+01 2.438410621176302939e+01
4.632542945146145286e+01 1.192303252125868518e+01 4.100056233853203480e+01
2.933795390017048632e+01 1.683770305077423046e+01 4.242023344619738623e+01
4.506027769979849751e+01 2.409864430729111007e+01 2.125088326028719266e+01
5.470303665757852229e+01 2.575864342284781117e+01 3.071627478682845691e+01
2.241946103908683341e+01 4.829216278125561246e+01 3.437742037121639527e+01
1.749770219226265411e+01 3.178677449553235945e+01 3.630697854209940800e+01
2.475799017556915516e+01 1.366552191348338852e+01 2.053308195051213758e+01
4.224795781834171748e+01 2.505057884846942784e+01 4.193503807163269670e+01
2.565540190748908245e+01 4.327808706722881738e+01 3.572580948826612968e+01
3.163934712886893408e+01 3.607307324060928977e+01 2.552455452447779649e+01
1.482794178693958997e+01 5.021856002546817166e+01 2.635416285611728426e+01
4.073146207759740633e+01 3.022356185951190000e+01 3.977664636139347465e+01
2.126291411992421487e+01 2.611049624456945395e+01 3.760485737618800073e+01
1.873629733699696942e+01 2.835203168021245546e+01 3.255367676866110571e+01
4.864061960652641403e+01 8.756502832280661508e+00 4.027510712125904746e+01
3.046871797765736289e+01 3.699639651412823582e+01 2.678921919469207680e+01
2.781952188549685445e+01 2.197502268664321434e+01 4.259953830584397139e+01
4.943478449083778514e+01 3.280377466483753324e+01 2.908148879861435177e+01
1.192893431694009543e+01 4.905224326830589376e+01 3.187919207552224066e+01
3.805473071090551684e+01 3.096738271490409744e+01 2.329605742772908172e+01
2.283426953361690082e+01 1.875108725193405945e+01 4.095831940027924389e+01
1.756265943980915267e+01 4.080353503522549374e+01 2.265341619685245433e+01
3.714869562356220456e+01 1.650631488846438089e+01 4.098337747418565868e+01
2.308758111544383951e+01 1.654887017855912390e+01 2.146411051811180570e+01
2.210876485737330910e+01 1.931666793305436869e+01 3.459089192295311932e+01
5.140853452930757328e+01 2.425793741173302109e+01 2.428373431256158099e+01
1.832429407010287647e+01 4.291532837815143608e+01 3.989058510469100582e+01
2.878619494172073701e+01 2.190185563205470132e+01 4.267089048311696331e+01
7.869900940388218302e+00 3.949158750603974966e+01 3.670222683852558987e+01
1.667723548802405986e+01 5.187900143309164491e+01 2.867235241584740635e+01
4.945264340276268200e+01 9.332877322571619061e+00 3.378536009069844681e+01
4.465071193411974093e+01 1.559970930718202986e+01 2.216795572515697543e+01
3.081536851769500629e+01 2.073394586851747334e+01 2.029825454235504978e+01
1.998373223667019616e+01 3.104505123955903656e+01 3.541968173386054985e+01
3.029836648858902848e+01 2.211442862285835531e+01 2.025219671889053430e+01
7.401526665675194572e+00 3.398190080615806608e+01 2.684885581189319836e+01
3.945710507190415228e+01 3.399556982940302419e+01 3.614512927779803420e+01
4.092551158336564043e+01 1.314875714808695584e+01 2.980907097886391810e+01
3.598621589294355516e+01 2.299279328648031751e+01 2.044990544586752179e+01
3.397189297303707889e+01 1.647542275842651449e+01 2.276695285218998777e+01
1.159236822432705871e+01 3.314102474801070031e+01 4.018077370994495112e+01
2.026854581951951673e+01 2.362648503014774803e+01 3.579286059541394138e+01
3.136268283669200940e+01 1.398251808311161959e+01 4.049864318140640762e+01
2.498361188391054810e+01 1.544162920900529912e+01 4.266680051762082115e+01
5.370101139422922643e+01 2.520869703222751923e+01 3.435681972254950267e+01
5.128813660388055240e+01 8.704936040088872673e+00 3.553248509413581502e+01
1.685571356841783341e+01 3.444908221484058686e+01 3.986334749001625966e+01
3.190639058042142295e+01 3.747495913882676177e+01 3.184775922761140876e+01
3.893935438572849250e+01 3.037711409368435156e+01 3.981389168454346361e+01
1.525867118966717229e+01 4.099512814984063880e+01 2.258255219418965254e+01
2.210780221324422001e+01 1.315970479738543020e+01 3.803180407381947248e+01
4.076548417229800947e+01 1.298453600188082113e+01 3.281305614507948576e+01
5.046491478346868575e+01 7.723606234763206402e+00 3.589523369260258789e+01
2.225664211226117573e+01 3.691315729547599034e+01 3.855054265203641961e+01
1.928691597382327316e+01 5.187416228429501075e+01 3.693574376795095304e+01
4.692468936041365168e+01 7.430284994006082222e+00 3.850689875351866220e+01
3.199538569499707208e+01 2.915187358653498961e+01 2.144847132732081718e+01
2.764191339011235371e+01 1.045324136219966604e+01 2.877738459739999044e+01
2.073943247201783890e+01 3.835870623386514211e+01 2.324491102187003833e+01
1.161176197706953239e+01 3.138377881054184471e+01 3.805434633976602754e+01
7.666484325752019657e+00 3.607272036173185370e+01 2.377435040413888601e+01
3.192904658483191582e+01 1.723643774958736330e+01 4.175941398275582372e+01
1.854798400587531404e+01 2.936371837437077303e+01 3.025064646076834052e+01
5.238194614320221376e+01 2.207939944848182634e+01 2.576498763155040450e+01
1.349213956581491303e+01 3.874658448016901247e+01 2.208986316490298663e+01
2.638779454298517990e+01 1.581182743408811220e+01 3.182600417259116199e+01
2.467592897135530450e+01 1.608216338363500952e+01 2.899934726863527956e+01
1.930003555413485117e+01 4.981507869438841851e+01 2.005985039029220829e+01
4.271836166367659615e+01 1.582405915478561376e+01 4.026822316199535834e+01
3.593037549884241599e+01 1.764933873406894804e+01 2.139364794865833375e+01
4.005714229174315477e+01 3.022023025962845111e+01 2.297367525880026662e+01
1.105550583754846627e+01 4.709432546816925225e+01 3.047145756085138402e+01
2.367040409586257610e+01 8.255767166080181241e+00 3.791809233490529607e+01
2.857814365659994138e+01 3.736378146671346201e+01 2.828869946986036155e+01
2.585157056972882827e+01 2.014369888189546032e+01 4.254876071118793845e+01
9.291545067011616865e+00 3.210776267221635294e+01 2.697967892895896469e+01
1.853962616471579139e+01 3.255604180230153588e+01 2.614330451151900547e+01
5.121215943581098173e+01 2.633578235628806041e+01 2.424666892754863312e+01
1.694103475119475632e+01 4.911572886710343511e+01 4.170184425173331277e+01
4.757637808458432005e+01 2.263851843435478273e+01 2.175790810247305629e+01
4.680280616121262227e+01 8.689365377932503520e+00 2.328025647865145586e+01
2.423678164871696694e+01 1.262238171054112712e+01 3.455139999498412351e+01
2.607696501148917889e+01 4.087739404574046631e+01 3.658747965058459783e+01
4.697003967058125085e+01 9.892996046561597367e+00 4.068331535437530988e+01
3.725797043102375028e+01 3.055263457721328635e+01 2.289039693242909834e+01
4.682449305703367060e+01 3.130517268937871123e+01 3.814441952834964411e+01
4.248421082272616900e+01 3.329312599506010173e+01 3.658013702031980330e+01
3.812574616310955378e+01 1.988006928874342449e+01 2.079369406948521970e+01
5.004607421340099904e+01 1.912608612648743645e+01 2.218873931437724067e+01
4.671825701018101995e+01 8.742481636655934807e+00 3.427593212257766453e+01
1.736709620979425495e+01 4.609533859828913194e+01 2.017888036153109255e+01
4.248198859744561418e+01 1.514063236109728550e+01 2.437854662631837499e+01
1.291485336193548150e+01 3.046424338401132559e+01 2.945415858000705356e+01
2.502045027069389249e+01 1.800375013302739546e+01 4.260752176947783454e+01
2.409738098123312255e+01 1.715098600036878906e+01 3.377697491827909460e+01
1.895343475747530348e+01 4.637031041158054734e+01 4.443745066038201941e+01
5.172260267901141617e+01 1.704414883630301958e+01 3.950005679545246551e+01
1.281163467269784739e+01 4.334506484398393411e+01 3.941871710889451919e+01
6.454229596417812687e+00 3.625092313573539116e+01 2.850231807775373483e+01
2.238220845878843690e+01 1.759559061727860296e+01 3.644646730870491069e+01
5.375418480931051590e+01 2.432435243865314689e+01 3.378085920416036458e+01
2.037230162451778170e+01 4.928991110088878003e+01 2.075230241450872626e+01
4.699500077145199839e+01 1.816318511778238332e+01 4.158830303694552555e+01
1.741706676634697359e+01 3.582564938741529659e+01 2.276105436821425343e+01
3.199839190145292633e+01 3.230159256941904289e+01 2.299782607889828512e+01
5.211475393195017602e+01 1.466083913877750255e+01 2.403381014107648994e+01
4.048843512046472881e+01 1.345052031201242215e+01 2.826817909452315902e+01
5.299520986643044296e+01 2.730494337189988130e+01 2.738887882534207918e+01
3.111060264245435292e+01 1.446045417783906295e+01 2.208254919240953029e+01
5.294500014826202516e+01 2.900792986898268211e+01 3.332810325410149233e+01
4.608333127038739008e+01 3.215666893876022669e+01 2.535959721630917585e+01
4.469227303231367898e+01 8.704131646076397999e+00 3.662268230605209851e+01
4.998904168313155338e+01 1.589138514908075983e+01 3.024024395752266514e+01
3.447355887980501876e+01 2.557576702903991972e+01 2.045213237462784761e+01
2.352804387287230625e+01 1.015969754117134549e+01 4.098426322971869240e+01
2.922937883062387243e+01 1.326144964717555297e+01 2.094729060765647688e+01
1.942398277808390716e+01 3.908738241548406478e+01 2.277377375145870175e+01
4.319361242224243824e+01 3.446252562685909737e+01 3.400382367628287739e+01
1.706838567040516708e+01 3.163155273738586715e+01 2.711571810185614595e+01
3.122795031140880084e+01 1.488986796719415473e+01 3.440304273062338325e+01
2.971119133290335768e+01 2.525324618657404940e+01 4.263052223132903862e+01
3.743836746539294325e+01 1.345274671247037546e+01 2.726332965226553284e+01
4.378077830253668168e+01 1.228901925298627873e+01 2.484037807763016659e+01
1.317491768641787786e+01 4.373732455605885860e+01 3.942489092439058851e+01
3.496076839415072612e+01 1.474795585194073766e+01 2.593862372936226279e+01
2.450832950776070263e+01 4.700070350807177988e+01 3.325159594635594118e+01
3.381251757289753357e+01 2.213792333255054245e+01 2.030851109536194699e+01
3.837250171068213689e+01 2.529735367735686680e+01 4.218271872859988036e+01
3.159735898165268608e+01 3.062137696373753926e+01 2.215664897297914848e+01
4.110721863098127926e+01 1.478087614846202413e+01 3.727935965455744594e+01
2.842774880047559449e+01 3.753517631894901285e+01 2.913732811650264409e+01
2.620837978086861142e+01 3.663661806486329908e+01 3.600329808991626379e+01
2.172260729781057265e+01 3.891353075883760937e+01 2.348303547066625896e+01
1.900904615798125619e+01 4.437748367415287021e+01 2.187737690097609189e+01
3.831910848654912627e+01 2.866145129367485112e+01 4.099486978730153197e+01
3.886360197331723043e+01 2.968905606763988914e+01 4.030328166365221421e+01
1.887424668683428308e+01 3.444978093955727871e+01 2.428691685982709458e+01
5.253849439700229595e+01 2.070161359455340033e+01 2.674488555347781471e+01
3.722321243183266404e+01 1.256453210077318872e+01 3.204278166890830448e+01
2.922214610136804680e+01 1.513599414895109518e+01 2.939090004868196004e+01
4.721456344365122249e+01 7.955334051118240879e+00 3.464770821686260405e+01
2.754379817557935439e+01 2.698539508246768293e+01 4.193811156729344702e+01
2.727703603173608116e+01 9.858580434860229502e+00 3.427519291414028402e+01
2.013852182786743583e+01 4.321488660490329892e+01 2.323487368102597372e+01
1.646321868292497115e+01 4.493108699756054136e+01 2.309588903924667846e+01
3.940300368815435661e+01 3.140673175282415031e+01 2.386780686424537379e+01
4.724859053832964406e+01 9.313674516499453659e+00 4.046073577862539139e+01
3.771521150714782777e+01 2.306557828409335542e+01 4.241686136244759808e+01
2.301270648278130082e+01 2.273311945767006037e+01 2.229924424451339959e+01
3.137378300110535889e+01 1.498951703703077953e+01 2.849639552635575512e+01
3.028182928254526729e+01 3.490755392953621339e+01 3.832510109437170343e+01
5.114761880204393663e+01 1.761151960750427392e+01 2.274235528602807221e+01
2.496943727911769173e+01 9.513044712120311885e+00 2.174559077556656916e+01
1.693547075736786667e+01 5.140585095137112859e+01 3.785961750136828385e+01
4.851763039556823998e+01 3.100873660032993584e+01 3.769616697738815958e+01
4.977984007245157727e+01 2.649264723314346170e+01 3.990328831630651507e+01
9.725377926998699962e+00 4.287850570684538098e+01 2.719785003379560351e+01
1.815626526827143294e+01 4.066135718365198670e+01 2.269373225914394254e+01
3.494255757610061863e+01 3.527625777051117950e+01 2.570087725070729689e+01
4.409841599387296185e+01 1.411911088798127523e+01 3.423761182683089999e+01
3.259808048549552240e+01 3.737889974347415034e+01 3.196709309856966641e+01
1.833171508719884812e+01 2.967132633370614059e+01 3.215620616903893847e+01
1.435247235424705181e+01 3.183794226374226355e+01 2.485228689655491863e+01
2.823781316071288927e+01 1.219214975247882826e+01 3.425827290690259019e+01
4.511761872831623776e+01 2.981101812380307692e+01 2.298847679347099771e+01
1.902211192199158418e+01 2.563295573657330095e+01 3.134921289060150684e+01
1.167313400805023882e+01 3.676290319842050991e+01 4.116759130970929448e+01
3.015417167489877670e+01 1.362911964929121922e+01 2.142391032709660692e+01
1.851157155141361699e+01 2.988889133343744930e+01 3.311204794050385658e+01
1.051240056789975341e+01 4.552422084648046052e+01 3.359895698098420525e+01
4.389326502590436974e+01 2.995291142695643671e+01 2.300461604170863339e+01
4.696030884275093342e+01 7.058370915035111715e+00 3.678690790667042876e+01
2.463160535600742662e+01 2.058677846390042987e+01 4.211243986022765284e+01
2.178228000034146206e+01 4.679914267424273078e+01 4.000952139484316206e+01
2.189134265208939567e+01 2.258723363018904706e+01 3.896922724829460805e+01
2.383425484993260923e+01 1.498267122352486957e+01 3.463154433532022836e+01
3.106262039268650099e+01 1.474422764226020988e+01 3.314669680108121241e+01
2.934290505891786438e+01 1.224989223723983756e+01 3.473080943923770292e+01
2.394100687173602893e+01 1.093497219645065854e+01 2.151156668535044147e+01
3.487162755647644730e+01 3.675868614656265265e+01 2.927938009058372160e+01
3.761912793229495833e+01 1.849531299281312968e+01 4.203210373820068213e+01
3.063480015799250822e+01 2.304083429144250061e+01 4.279617842441214037e+01
2.412315848330253587e+01 8.807528200326611767e+00 4.046449679024200918e+01
3.406788885554158242e+01 1.359401078314871825e+01 3.011405118752071530e+01
3.292030424273362854e+01 1.408090231733521236e+01 3.016114281112519180e+01
2.248404641324823316e+01 3.470468101943399120e+01 2.589213931184411877e+01
2.121639629122396542e+01 5.056265716533140164e+01 3.233975908521034626e+01
3.069948635383142488e+01 9.447590586802776969e+00 2.626309566775700688e+01
3.350045108235384816e+01 1.742242082386107072e+01 4.162483458825222726e+01
3.374769769697264366e+01 1.534949028143986638e+01 3.828738346186217001e+01
2.387755679549367116e+01 4.751722042922266809e+01 2.950299253480557127e+01
3.090474309848864820e+01 3.752986949185874010e+01 3.112721603552181193e+01
5.329006453017869660e+01 2.130648434789593892e+01 3.220965429019783244e+01
2.571483296524999318e+01 2.374268336974699167e+01 4.195311897850269389e+01
4.779614101154501782e+01 8.088061884502586452e+00 3.985345217207226653e+01
1.123449278438159737e+01 4.674345851411518993e+01 3.526896498629643162e+01
4.820884365460979382e+01 2.998358046564104029e+01 2.391906637965644222e+01
5.182238011126633381e+01 2.127250270102408436e+01 2.464625292441042248e+01
2.082819181097728034e+01 4.894354999372889381e+01 1.988296707050509227e+01
7.834486713990620466e+00 3.348145361468928627e+01 2.638566033302716107e+01
2.769205391588142007e+01 1.875919127913855533e+01 2.021660733886011485e+01
1.765385083165220337e+01 4.949357713743380316e+01 4.098522995200471541e+01
5.216820297608204271e+01 2.081668045397305633e+01 2.535467707065269138e+01
4.965040599177836356e+01 3.192069114434431754e+01 2.730534845306100777e+01
5.237384215702093115e+01 1.550590163706092994e+01 2.624456754673024506e+01
3.226531059933628853e+01 3.493460527533400040e+01 2.457682471213335518e+01
2.808246131394227163e+01 2.828880253039220349e+01 4.157711646178538700e+01
